Country Name	2000 	2001 	2002 	2003 	2004 	2005 	2006 	2007 	2008 	2009 	2010 	2011 	2012 	2013 	2014 	2015 	2016 	2017 	2018 	2019 	2020 	2021 
Austria	66.1 	66.7 	66.7 	65.9 	65.2 	68.6 	67.3 	65.0 	68.7 	79.9 	82.7 	82.4 	81.9 	81.3 	84.0 	84.9 	82.8 	78.5 	74.1 	70.6 	82.9 	82.3 
Belgium	109.6 	108.2 	105.4 	101.7 	97.2 	95.1 	91.5 	87.3 	93.2 	100.2 	100.3 	103.5 	104.8 	105.5 	107.0 	105.2 	105.0 	102.0 	99.9 	97.6 	112.0 	109.2 
Bulgaria	70.7 	64.5 	51.0 	43.4 	35.7 	26.6 	20.9 	16.3 	13.0 	13.7 	15.3 	15.2 	16.6 	17.0 	27.0 	25.9 	29.1 	25.1 	22.1 	20.0 	24.5 	23.9 
Cyprus	55.7 	57.3 	60.5 	63.8 	64.8 	63.4 	59.3 	54.0 	45.5 	54.3 	56.3 	65.8 	80.1 	103.7 	108.8 	106.8 	102.6 	92.6 	98.1 	90.4 	113.5 	101.0 
Czech Republic	17.0 	22.7 	25.8 	28.2 	28.4 	27.7 	27.6 	27.3 	28.1 	33.4 	37.1 	39.7 	44.2 	44.4 	41.9 	39.7 	36.6 	34.2 	32.1 	30.0 	37.7 	42.0 
Germany	59.3 	58.2 	59.9 	63.5 	65.2 	67.5 	66.9 	64.2 	65.7 	73.2 	82.0 	79.4 	80.7 	78.3 	75.3 	71.9 	69.0 	64.6 	61.3 	58.9 	68.0 	68.6 
Denmark	52.4 	48.5 	49.1 	46.2 	44.2 	37.4 	31.5 	27.3 	33.3 	40.2 	42.6 	46.1 	44.9 	44.0 	44.3 	39.8 	37.2 	35.9 	34.0 	33.7 	42.2 	36.6 
Average	69.2 	68.1 	68.1 	69.4 	69.7 	70.4 	68.4 	66.0 	69.7 	80.3 	85.7 	87.6 	91.1 	93.0 	93.2 	91.3 	90.5 	87.9 	86.0 	83.9 	97.0 	95.4 
Estonia	5.1 	4.8 	5.7 	5.6 	5.1 	4.7 	4.6 	3.8 	4.5 	7.2 	6.7 	6.2 	9.8 	10.2 	10.6 	10.1 	10.0 	9.1 	8.2 	8.5 	18.5 	17.6 
Greece	104.9 	107.1 	104.9 	101.5 	102.9 	107.4 	103.6 	103.1 	109.4 	126.7 	147.5 	175.2 	162.0 	178.2 	180.3 	176.7 	180.5 	179.5 	186.4 	180.6 	206.3 	194.5 
Spain	57.8 	54.0 	51.2 	47.7 	45.4 	42.4 	39.1 	35.8 	39.7 	53.3 	60.5 	69.9 	90.0 	100.5 	105.1 	103.3 	102.7 	101.8 	100.4 	98.2 	120.4 	118.3 
EU27	66.4 	65.6 	65.4 	66.7 	67.0 	67.1 	65.0 	62.3 	65.0 	75.7 	80.4 	81.8 	85.0 	86.8 	86.9 	85.1 	84.3 	81.7 	79.7 	77.5 	89.8 	87.9 
Finland	45.1 	43.4 	42.6 	45.1 	44.9 	42.1 	40.2 	36.0 	34.7 	44.1 	50.1 	51.9 	57.7 	60.6 	64.5 	68.3 	68.0 	66.0 	64.9 	64.9 	74.8 	72.4 
France	58.9 	58.3 	60.3 	64.4 	65.9 	67.4 	64.6 	64.5 	68.8 	83.0 	85.3 	87.8 	90.6 	93.4 	94.9 	95.6 	98.0 	98.1 	97.8 	97.4 	115.0 	112.8 
Croation	35.4 	36.6 	36.5 	37.8 	39.9 	40.9 	38.4 	37.2 	39.0 	48.2 	57.1 	63.4 	69.2 	80.1 	83.8 	83.2 	79.7 	76.5 	73.2 	71.0 	87.0 	78.4 
Hungary	55.7 	52.3 	55.6 	58.1 	58.8 	60.5 	64.4 	65.6 	71.8 	78.0 	80.0 	80.3 	78.2 	77.2 	76.5 	75.8 	74.9 	72.1 	69.1 	65.3 	79.3 	76.8 
Ireland	36.4 	33.6 	30.9 	29.8 	28.1 	26.1 	23.6 	23.9 	42.5 	61.8 	86.2 	110.5 	119.6 	119.9 	104.3 	76.7 	74.3 	67.6 	63.0 	57.0 	58.4 	55.4 
Italy	109.0 	108.9 	106.4 	105.5 	105.1 	106.6 	106.7 	103.9 	106.2 	116.6 	119.2 	119.7 	126.5 	132.5 	135.4 	135.3 	134.8 	134.2 	134.4 	134.1 	154.9 	150.3 
Lithuania	23.5 	22.9 	22.2 	20.4 	18.7 	17.6 	17.3 	15.9 	14.6 	28.0 	36.2 	37.1 	39.7 	38.7 	40.5 	42.5 	39.7 	39.1 	33.7 	35.8 	46.3 	43.7 
Luxembourg	7.5 	7.6 	7.5 	7.4 	7.8 	8.0 	8.2 	8.1 	14.6 	15.3 	19.1 	18.5 	20.9 	22.4 	21.9 	21.1 	19.6 	21.8 	20.9 	22.4 	24.5 	24.5 
Latvia	12.1 	13.8 	13.0 	14.1 	14.6 	11.9 	10.0 	8.4 	18.5 	37.0 	47.6 	45.1 	42.4 	40.3 	41.6 	37.0 	40.3 	38.9 	37.0 	36.5 	42.0 	43.6 
Malta	60.7 	64.9 	63.1 	68.6 	71.3 	69.9 	64.3 	61.9 	61.8 	66.3 	65.5 	70.0 	66.6 	66.4 	62.1 	56.2 	54.7 	47.8 	43.7 	40.7 	53.3 	56.3 
Netherlands	52.2 	49.5 	48.9 	50.0 	50.3 	49.8 	45.2 	43.0 	54.7 	56.8 	59.3 	61.7 	66.2 	67.7 	67.9 	64.6 	61.9 	57.0 	52.4 	48.5 	54.7 	52.4 
Poland	36.4 	37.3 	41.7 	46.6 	45.1 	46.6 	47.3 	44.5 	46.7 	49.8 	54.0 	55.1 	54.8 	57.1 	51.4 	51.3 	54.5 	50.8 	48.7 	45.7 	57.2 	53.8 
Portugal	54.2 	57.4 	60.0 	63.9 	67.1 	72.2 	73.7 	72.7 	75.6 	87.8 	100.2 	114.4 	129.0 	131.4 	132.9 	131.2 	131.5 	126.1 	121.5 	116.6 	134.9 	125.5 
Romania	22.5 	25.9 	24.8 	22.1 	18.9 	15.9 	12.4 	11.9 	12.3 	21.8 	29.0 	32.3 	35.4 	37.8 	39.2 	37.8 	37.9 	35.3 	34.5 	35.1 	46.9 	48.9 
Sweden	50.3 	51.9 	49.8 	49.3 	48.5 	48.7 	43.6 	38.9 	37.5 	40.7 	38.1 	37.2 	37.5 	40.3 	45.0 	43.7 	42.3 	41.0 	39.2 	35.2 	39.5 	36.3 
Slovenia	25.9 	26.1 	27.4 	26.8 	26.9 	26.4 	26.1 	22.8 	21.8 	34.5 	38.3 	46.5 	53.6 	70.0 	80.3 	82.6 	78.5 	74.2 	70.3 	65.4 	79.6 	74.5 
Slovakia	50.5 	51.1 	45.3 	43.2 	41.7 	34.7 	31.4 	30.3 	28.6 	36.4 	40.6 	43.2 	51.7 	54.7 	53.5 	51.7 	52.3 	51.5 	49.4 	48.0 	58.9 	62.2 
