Country	1998-12 	1999-12 	2000-12 	2001-12 	2002-12 	2003-12 	2004-12 	2005-12 	2006-12 	2007-12 	2008-12 	2009-12 	2010-12 	2011-12 	2012-12 	2013-12 	2014-12 	2015-12 	2016-12 	2017-12 	2018-12 	2019-12 	2020-12 	2021-12 	2022-11 
Austria	0.5 	1.7 	1.8 	1.8 	1.7 	1.3 	2.5 	1.5 	1.6 	3.5 	1.5 	1.1 	2.2 	3.4 	2.9 	2.0 	0.8 	1.1 	1.6 	2.3 	1.7 	1.8 	1.0 	3.8 	11.1 
Belgium	0.7 	2.1 	3.0 	1.9 	1.3 	1.6 	2.0 	2.8 	2.1 	3.1 	2.7 	0.3 	3.4 	3.2 	2.1 	1.2 	-0.4 	1.5 	2.2 	2.1 	2.2 	0.9 	0.4 	6.6 	10.5 
Bulgaria	1.6 	7.0 	11.3 	4.8 	3.8 	5.6 	4.0 	7.4 	6.1 	11.6 	7.2 	1.6 	4.4 	2.0 	2.8 	-0.9 	-2.0 	-0.9 	-0.5 	1.8 	2.3 	3.1 	0.0 	6.6 	: 
Switzerland	: 	: 	: 	: 	: 	: 	: 	1.0 	0.5 	2.0 	0.3 	0.1 	0.5 	-0.4 	-0.3 	0.2 	-0.1 	-1.3 	-0.2 	1.1 	0.8 	-0.1 	-1.0 	1.3 	: 
Cyprus	0.8 	3.5 	3.7 	2.1 	3.1 	2.3 	3.8 	1.4 	1.5 	3.7 	1.8 	1.6 	1.9 	4.2 	1.4 	-1.3 	-1.0 	-0.6 	0.1 	-0.4 	1.0 	0.7 	-0.8 	4.8 	8.3 
Czech Republic	5.9 	2.4 	4.0 	3.9 	0.1 	1.0 	2.4 	2.0 	1.5 	5.4 	3.3 	0.6 	2.3 	2.8 	2.4 	1.5 	0.0 	-0.1 	2.1 	2.2 	1.6 	3.2 	2.4 	5.4 	: 
Germany	0.1 	1.4 	2.2 	1.4 	1.1 	1.1 	2.3 	2.1 	1.4 	3.1 	1.1 	0.9 	1.8 	2.2 	2.1 	1.2 	0.1 	0.2 	1.6 	1.5 	1.7 	1.5 	-0.7 	5.7 	11.3 
Denmark	1.1 	3.1 	2.4 	2.0 	2.6 	1.2 	1.0 	2.3 	1.6 	2.4 	2.5 	1.1 	2.8 	2.4 	1.9 	0.5 	0.1 	0.3 	0.3 	0.8 	0.7 	0.8 	0.4 	3.4 	: 
EA	0.8 	1.7 	2.5 	2.1 	2.3 	2.0 	2.3 	2.3 	1.9 	3.1 	1.6 	0.9 	2.2 	2.8 	2.2 	0.8 	-0.2 	0.3 	1.1 	1.3 	1.5 	1.3 	-0.3 	5.0 	10.0 
Average	0.8 	1.8 	2.6 	2.1 	2.3 	2.0 	2.4 	2.3 	1.9 	3.1 	1.6 	0.9 	2.2 	2.8 	2.2 	0.8 	-0.2 	0.3 	1.1 	1.3 	1.5 	1.3 	-0.3 	4.9 	: 
EA-19	0.8 	1.8 	2.6 	2.1 	2.3 	2.0 	2.4 	2.3 	1.9 	3.1 	1.7 	0.9 	2.2 	2.8 	2.2 	0.8 	-0.2 	0.3 	1.1 	1.3 	1.5 	1.3 	-0.3 	5.0 	: 
Estonia	5.1 	3.7 	5.0 	4.2 	2.7 	1.2 	4.8 	3.7 	5.1 	9.7 	7.5 	-1.9 	5.4 	4.1 	3.6 	2.0 	0.1 	-0.2 	2.4 	3.8 	3.3 	1.8 	-0.9 	12.0 	21.4 
EEA	1.0 	1.7 	2.2 	1.9 	2.2 	1.8 	2.2 	2.2 	2.1 	3.2 	2.2 	1.6 	2.7 	3.0 	2.3 	1.0 	-0.1 	0.2 	1.2 	1.6 	1.7 	1.6 	0.3 	5.3 	: 
Greece	3.7 	2.3 	3.7 	3.5 	3.5 	3.1 	3.1 	3.5 	3.2 	3.9 	2.2 	2.5 	5.2 	2.2 	0.3 	-1.8 	-2.5 	0.4 	0.3 	1.0 	0.6 	1.1 	-2.4 	4.4 	9.0 
Spain	1.3 	2.8 	4.0 	2.5 	4.0 	2.7 	3.3 	3.7 	2.7 	4.3 	1.4 	0.9 	2.9 	2.3 	3.0 	0.3 	-1.1 	-0.1 	1.4 	1.2 	1.2 	0.8 	-0.6 	6.6 	6.6 
EU	1.0 	1.7 	2.2 	1.9 	2.2 	1.9 	2.2 	2.2 	2.1 	3.2 	2.2 	1.5 	2.7 	3.0 	2.3 	1.0 	-0.1 	0.2 	1.1 	1.6 	1.6 	1.6 	0.3 	5.3 	: 
EU27	: 	: 	4.0 	3.0 	2.5 	2.2 	2.6 	2.4 	2.1 	3.4 	2.0 	1.3 	2.5 	2.8 	2.3 	0.8 	-0.2 	0.2 	1.1 	1.4 	1.6 	1.6 	0.2 	5.3 	: 
EU28	: 	: 	3.5 	2.7 	2.4 	2.1 	2.4 	2.3 	2.2 	3.2 	2.2 	1.5 	2.7 	3.0 	2.3 	1.0 	-0.1 	0.2 	1.1 	1.6 	1.6 	1.6 	: 	: 	: 
Finland	0.8 	2.2 	2.9 	2.3 	1.7 	1.2 	0.1 	1.0 	1.2 	1.9 	3.4 	1.8 	2.8 	2.6 	3.4 	1.9 	0.6 	-0.2 	1.1 	0.5 	1.3 	1.1 	0.2 	3.2 	9.0 
France	0.3 	1.3 	1.8 	1.5 	2.2 	2.4 	2.2 	1.8 	1.7 	2.8 	1.2 	1.0 	2.0 	2.7 	1.5 	0.8 	0.1 	0.3 	0.8 	1.2 	1.9 	1.6 	0.0 	3.4 	7.1 
Croatia	: 	3.4 	5.9 	2.4 	2.8 	2.2 	2.0 	4.0 	2.1 	5.4 	2.8 	1.8 	1.7 	2.1 	4.4 	0.5 	-0.1 	-0.3 	0.7 	1.3 	1.0 	1.3 	-0.3 	5.2 	: 
Hungary	10.1 d	11.4 d	10.0 d	6.8 d	4.9 	5.6 	5.5 	3.3 	6.6 	7.4 	3.4 	5.4 	4.6 	4.1 	5.1 	0.6 	-0.8 	1.0 	1.8 	2.2 	2.8 	4.1 	2.8 	7.4 	: 
Ireland	2.1 	3.9 	4.7 	4.3 	4.5 	3.0 	2.4 	1.9 	3.0 	3.2 	1.3 	-2.6 	-0.2 	1.5 	1.7 	0.3 	-0.3 	0.2 	-0.2 	0.5 	0.8 	1.1 	-1.0 	5.7 	9.0 
Iceland	0.5 	4.4 	3.7 	9.1 	1.9 	1.8 	2.9 	1.0 	5.9 	3.5 	21.0 	11.3 	3.5 	5.3 	5.1 	3.7 	-0.4 	0.7 	-0.1 	-1.0 	2.0 	0.9 	2.3 	3.9 	: 
Italy	1.6 	2.2 	2.7 	2.3 	3.0 	2.5 	2.3 	2.0 	2.1 	2.8 	2.4 	1.1 	2.1 	3.7 	2.6 	0.6 	0.0 	0.1 	0.5 	1.0 	1.2 	0.5 	-0.3 	4.2 	12.5 
Lithuania	3.1 	0.4 	1.7 	2.0 	-0.9 	-1.3 	2.8 	3.0 	4.6 	8.2 	8.5 	1.2 	3.6 	3.5 	2.9 	0.5 	-0.1 	-0.2 	2.0 	3.8 	1.8 	2.7 	-0.1 	10.7 	21.4 
Luxembourg	0.4 	2.3 	4.3 	0.9 	2.8 	2.4 	3.5 	3.5 	2.2 	4.3 	0.7 	2.5 	3.1 	3.4 	2.5 	1.5 	-0.9 	0.9 	1.6 	1.6 	1.9 	1.8 	-0.3 	5.4 	7.3 
Latvia	2.7 	3.0 	1.7 	3.2 	1.5 	3.6 	7.3 	7.1 	6.7 	14.0 	10.4 	-1.4 	2.4 	3.9 	1.6 	-0.4 	0.3 	0.4 	2.1 	2.2 	2.5 	2.1 	-0.5 	7.9 	21.7 
Malta	2.9 	4.3 	1.0 	3.6 	2.1 	2.4 	1.9 	3.4 	0.8 	3.1 	5.0 	-0.4 	4.0 	1.5 	2.7 	1.0 	0.4 	1.3 	1.0 	1.3 	1.2 	1.3 	0.2 	2.6 	7.2 
Netherlands	1.5 	1.9 	2.9 	5.1 	3.2 	1.6 	1.3 	2.0 	1.7 	1.6 	1.7 	0.7 	1.8 	2.5 	3.4 	1.4 	-0.1 	0.5 	0.7 	1.2 	1.8 	2.8 	0.9 	6.4 	11.2 
Norway	2.1 	2.7 	2.8 	1.5 	2.5 	0.1 	1.2 	1.9 	2.2 	2.1 	2.5 	2.3 	2.7 	-0.1 	1.2 	1.8 	2.0 	2.4 	3.8 	1.5 	3.9 	1.2 	1.4 	6.1 	: 
Poland	8.6 d	9.8 d	8.4 	3.5 	0.8 	1.7 	4.3 	0.8 	1.4 	4.3 	3.3 	3.9 	2.9 	4.6 	2.1 	0.6 	-0.7 	-0.4 	0.9 	1.7 	0.9 	3.0 	3.4 	8.0 	: 
Portugal	2.8 	1.7 	3.8 	3.9 	4.0 	2.3 	2.6 	2.5 	2.5 	2.7 	0.8 	-0.1 	2.4 	3.5 	2.1 	0.2 	-0.3 	0.3 	0.9 	1.6 	0.6 	0.4 	-0.3 	2.8 	10.3 
Romania	40.5 	54.8 	40.7 	30.3 	17.8 	14.2 	9.3 	8.7 	4.9 	6.7 	6.4 	4.7 	7.9 	3.2 	4.6 	1.3 	1.0 	-0.7 	-0.1 	2.6 	3.0 	4.0 	1.8 	6.7 	: 
Sweden	0.1 	1.1 	1.3 	3.2 	1.7 	1.8 	0.9 	1.2 	1.5 	2.5 	2.1 	2.8 	2.1 	0.4 	1.0 	0.4 	0.3 	0.7 	1.7 	1.7 	2.2 	1.7 	0.6 	4.5 	: 
Slovenia	6.4 	8.0 	8.9 	7.1 	7.1 	4.7 	3.3 	2.4 	3.0 	5.7 	1.8 	2.1 	2.2 	2.1 	3.1 	0.9 	-0.1 	-0.6 	0.6 	1.9 	1.4 	2.0 	-1.2 	5.1 	10.8 
Slovakia	5.7 	14.1 	8.4 	6.7 	3.2 	9.4 	5.9 	3.8 	3.7 	2.5 	3.5 	0.0 	1.3 	4.6 	3.4 	0.4 	-0.1 	-0.5 	0.2 	2.0 	1.9 	3.2 	1.6 	5.1 	15.1 
United Kingdom	1.6 	1.1 	0.8 	1.1 	1.7 	1.3 	1.7 	1.9 	3.0 	2.1 	3.1 	2.9 	3.7 	4.2 	2.7 	2.0 	0.5 	0.2 	1.6 	3.0 	2.1 	1.3 	: 	: 	: 
